{
 "cells": [
  {
   "cell_type": "code",
   "execution_count": 1,
   "metadata": {},
   "outputs": [
    {
     "name": "stderr",
     "output_type": "stream",
     "text": [
      "/var/folders/9b/mcbx_6tn6nb1kp3f2hvw7hz40000gn/T/ipykernel_44702/1577095553.py:5: DeprecationWarning: \n",
      "Pyarrow will become a required dependency of pandas in the next major release of pandas (pandas 3.0),\n",
      "(to allow more performant data types, such as the Arrow string type, and better interoperability with other libraries)\n",
      "but was not found to be installed on your system.\n",
      "If this would cause problems for you,\n",
      "please provide us feedback at https://github.com/pandas-dev/pandas/issues/54466\n",
      "        \n",
      "  import pandas as pd\n"
     ]
    }
   ],
   "source": [
    "import numpy as np\n",
    "import xml.etree.ElementTree as ET\n",
    "import mitsuba as mi\n",
    "import matplotlib.pyplot as plt\n",
    "import pandas as pd\n",
    "import random"
   ]
  },
  {
   "cell_type": "code",
   "execution_count": 2,
   "metadata": {},
   "outputs": [],
   "source": [
    "import mitsuba as mi\n",
    "\n",
    "mi.set_variant('scalar_rgb')\n",
    "\n",
    "# Create an alias for convenience\n",
    "#from mitsuba import ScalarTransform4f as T\n",
    "\n",
    "scenedict = {\n",
    "    'type': 'scene',\n",
    "    #'light': {'type': 'constant'},\n",
    "    'integrator': {\n",
    "        'type': 'ptracer',\n",
    "        'max_depth': 65,\n",
    "        'hide_emitters': False,\n",
    "        },\n",
    "    \n",
    "    'sensor': { \n",
    "        'type': 'perspective',\n",
    "        'fov': 100,\n",
    "        'to_world': mi.ScalarTransform4f.look_at(origin=[0, 1100, 792],\n",
    "                             target=[0, 1500, 1120],\n",
    "                             up=[0,0,1]),\n",
    "        'sampler': {\n",
    "            'type': 'independent',\n",
    "            'sample_count': 32,\n",
    "        },\n",
    "        'film': {\n",
    "            'type': 'hdrfilm',\n",
    "            'width': 1024,\n",
    "            'height': 1024,\n",
    "            'file_format': 'openexr',\n",
    "            'pixel_format': 'rgb',\n",
    "            'component_format': 'uint32',\n",
    "            'rfilter' : {\n",
    "                'type': 'tent',\n",
    "            },\n",
    "        },\n",
    "    },\n",
    "\n",
    "    'MirrorBSDF' : {\n",
    "        'type' : 'twosided',\n",
    "        'material' : {\n",
    "                'type': 'conductor',\n",
    "            },\n",
    "    },\n",
    "    \n",
    "    'test' : {\n",
    "        'type' : 'twosided',\n",
    "        'material' : {\n",
    "            'type' : 'diffuse',\n",
    "            'reflectance' : {\n",
    "                'type' : 'rgb',\n",
    "                'value' : [0.5,0.5,1],\n",
    "            }\n",
    "        }\n",
    "    },\n",
    "    \n",
    "    'mirror_spherical' : {\n",
    "        'type': 'cube',\n",
    "        'to_world' : mi.ScalarTransform4f.scale([1500,650,33]).look_at(origin=[0, 2000, 355],\n",
    "                             target=[0,1000,600],\n",
    "                             up=[0,0,1]),\n",
    "        'bsdf' : {\n",
    "            'type' : 'ref',\n",
    "            'id' : 'MirrorBSDF',\n",
    "        }\n",
    "    },\n",
    "    \n",
    "    'mirror_flat' : {\n",
    "        'type': 'cube',\n",
    "        'to_world' : mi.ScalarTransform4f.scale([740,440,0.1]).look_at(origin=[0, 1000, 710],\n",
    "                             target=[0,2000,900],\n",
    "                             up=[0,0,1]),\n",
    "        'bsdf' : {\n",
    "            'type' : 'ref',\n",
    "            'id' : 'MirrorBSDF',\n",
    "        }\n",
    "    },\n",
    "    \n",
    "    'detector' : {\n",
    "        'type': 'rectangle',\n",
    "        'to_world' : mi.ScalarTransform4f.scale([1000,500,0.5]).look_at(origin=[0, 1500, 1120],\n",
    "                             target=[0,1000,710],\n",
    "                             up=[0,0,1]),\n",
    "        'bsdf' : {\n",
    "            'type' : 'ref',\n",
    "            'id' : 'test',\n",
    "        }\n",
    "    },\n",
    "    \n",
    "    'backwall' : {\n",
    "        'type': 'rectangle',\n",
    "        'to_world' : mi.ScalarTransform4f.scale([3000,3000,1]).look_at(origin=[-1000, 1500, 500],  #1 or 0 for z scale ??\n",
    "                             target=[0,1500,500],\n",
    "                             up=[0,1,0]),\n",
    "        'bsdf' : {\n",
    "            'type' : 'diffuse',\n",
    "            'reflectance' : {\n",
    "                'type' : 'rgb',\n",
    "                'value' : [0.4, 1, 0.2],\n",
    "             }\n",
    "        }\n",
    "    },\n",
    "    \n",
    "    'ceiling' : {\n",
    "        'type': 'rectangle',\n",
    "        'to_world' : mi.ScalarTransform4f.scale([3000,3000,1]).look_at(origin=[0, 1500, 3000], #1 or 0 for z scale ??\n",
    "                             target=[0,1500,0],\n",
    "                             up=[0,1,0]),\n",
    "        'bsdf' : {\n",
    "            'type' : 'diffuse',\n",
    "            'reflectance' : {\n",
    "                'type' : 'rgb',\n",
    "                'value' : [0.8, 0.3, 0.45],\n",
    "             }\n",
    "        }\n",
    "    },\n",
    "    \n",
    "    'leftwall' : {\n",
    "        'type': 'rectangle',\n",
    "        'to_world' : mi.ScalarTransform4f.scale([3000,3000,3000]).look_at(origin=[0, 0, 500],\n",
    "                             target=[0,1500,500],\n",
    "                             up=[0,0,1]),\n",
    "        'bsdf' : {\n",
    "            'type' : 'diffuse',\n",
    "            'reflectance' : {\n",
    "                'type' : 'rgb',\n",
    "                'value' : [0.32, 0.46, 0.23],\n",
    "             }\n",
    "        }\n",
    "    },\n",
    "    \n",
    "    'rightwall' : {\n",
    "        'type': 'rectangle',\n",
    "        'to_world' : mi.ScalarTransform4f.scale([3000,3000,3000]).look_at(origin=[0, 3000, 500],\n",
    "                             target=[0,1500,500],\n",
    "                             up=[0,0,1]),\n",
    "        'bsdf' : {\n",
    "            'type' : 'diffuse',\n",
    "            'reflectance' : {\n",
    "                'type' : 'rgb',\n",
    "                'value' : [0.92, 0.58, 1],\n",
    "             }\n",
    "        }\n",
    "    },\n",
    "    \n",
    "    'floor' : {\n",
    "        'type': 'rectangle',\n",
    "        'to_world' : mi.ScalarTransform4f.scale([3000,3000,3000]).look_at(origin=[0, 1500, -1000],\n",
    "                             target=[0,1500,3000],\n",
    "                             up=[0,1,0]),\n",
    "        'bsdf' : {\n",
    "            'type' : 'diffuse',\n",
    "            'reflectance' : {\n",
    "                'type' : 'rgb',\n",
    "                'value' : [0.56, 0.23, 0.54],\n",
    "             }\n",
    "        }\n",
    "    },\n",
    "}"
   ]
  },
  {
   "cell_type": "code",
   "execution_count": 3,
   "metadata": {},
   "outputs": [],
   "source": [
    "nm_per_ev_constant = (float(6.6260715e-34)*float(3.00e8)*float(1e9))/(float(1.6021e-19)*float(1e6))"
   ]
  },
  {
   "cell_type": "code",
   "execution_count": 4,
   "metadata": {},
   "outputs": [
    {
     "name": "stdout",
     "output_type": "stream",
     "text": [
      "0.1482 of emitted photon in G4 are actually detected.\n"
     ]
    },
    {
     "name": "stderr",
     "output_type": "stream",
     "text": [
      "/var/folders/9b/mcbx_6tn6nb1kp3f2hvw7hz40000gn/T/ipykernel_44702/3880959156.py:9: FutureWarning: Series.__getitem__ treating keys as positions is deprecated. In a future version, integer keys will always be treated as labels (consistent with DataFrame behavior). To access a value by position, use `ser.iloc[pos]`\n",
      "  initial_number_of_photons = photon_data_full.count()[0]\n",
      "/var/folders/9b/mcbx_6tn6nb1kp3f2hvw7hz40000gn/T/ipykernel_44702/3880959156.py:43: FutureWarning: Series.__getitem__ treating keys as positions is deprecated. In a future version, integer keys will always be treated as labels (consistent with DataFrame behavior). To access a value by position, use `ser.iloc[pos]`\n",
      "  final_number_of_photons = photon_detected.count()[0]\n"
     ]
    }
   ],
   "source": [
    "#Values for linear interpolation.\n",
    "wavelength_steps = [100, 200, 230, 270, 300, 330, 370, 400, 430, 470, 500, 530, 570, 600, 630, 670, 700, 1000]\n",
    "qe_steps = [0, 0, 0.02, 0.20, 0.31, 0.35, 0.35, 0.33, 0.31, 0.24, 0.18, 0.08, 0.05, 0.02, 0.01, 0.002, 0, 0]\n",
    "rows_to_drop =[]\n",
    "\n",
    "#load data from original G4 output (csv format)\n",
    "column_names = [\"time (ps)\", \"x\", \"y\", \"z\", \"px\", \"py\", \"pz\", \"E (MeV)\"]\n",
    "photon_data_full = pd.read_csv('photons_with_wavelength.csv', names = column_names)\n",
    "initial_number_of_photons = photon_data_full.count()[0]\n",
    "\n",
    "def ev_to_nm (energy):\n",
    "    return nm_per_ev_constant/energy\n",
    "\n",
    "#gives linear relation between two wavelegths thanks to two efficiency values\n",
    "def linear_interp (j,w_input):\n",
    "    a = (qe_steps[j] - qe_steps[j-1])/(wavelength_steps[j] - wavelength_steps[j-1])\n",
    "    b = qe_steps[j-1] - a*wavelength_steps[j-1]\n",
    "    return a*w_input+b\n",
    "\n",
    "#Convert energy column to wavelength in nm.\n",
    "photon_data_full['E (MeV)'] = photon_data_full['E (MeV)'].apply(ev_to_nm)\n",
    "photon_data_full.rename(columns={\"E (MeV)\": \"Wavelength (nm)\"}, inplace = True)\n",
    "\n",
    "#iterate over each photon.\n",
    "for i in range(initial_number_of_photons):\n",
    "    for j in range(len(wavelength_steps)):\n",
    "        #find index in wavelength_steps corresponding to the photon.\n",
    "        if photon_data_full.loc[i, 'Wavelength (nm)']<wavelength_steps[j]:\n",
    "            break\n",
    "    #Use linear interpolation to calculate QE at this wavelength.\n",
    "    qe_estimated = linear_interp(j, photon_data_full.loc[i, 'Wavelength (nm)']) \n",
    "    x = random.uniform(0, 1)\n",
    "    if x > qe_estimated:\n",
    "        rows_to_drop.append(i)\n",
    "\n",
    "#generate new frame only with photons that will be detected.\n",
    "photon_detected = photon_data_full.drop(rows_to_drop)\n",
    "#I don't know why a first column is created and keeps track of the old index of photons.\n",
    "photon_detected.reset_index(drop=True, inplace= True)\n",
    "\n",
    "#Can be removed later. Outputs characteristics of saved photons.\n",
    "photon_detected.to_csv('./photons_detected_spectral.csv' )\n",
    "final_number_of_photons = photon_detected.count()[0]\n",
    "fraction_detected = final_number_of_photons/initial_number_of_photons\n",
    "print (\"{0:.4} of emitted photon in G4 are actually detected.\".format(fraction_detected))\n"
   ]
  },
  {
   "cell_type": "code",
   "execution_count": 5,
   "metadata": {},
   "outputs": [],
   "source": [
    "x_position = photon_detected.values[:,1] # x position of the detector\n",
    "y_position = photon_detected.values[:,2] # y position of the detectore\n",
    "z_position = photon_detected.values[:,3] # z position of the detector\n",
    "x_momentum = photon_detected.values[:,4] # x momentum of the particle\n",
    "y_momentum = photon_detected.values[:,5] # y momentum of the particle\n",
    "z_momentum = photon_detected.values[:,6] # z momentum of the particle\n",
    "\n",
    "# calculate the target coordinates for each photons\n",
    "x_target = []\n",
    "y_target = []\n",
    "z_target = []\n",
    "for i in range(len(x_position)):\n",
    "    x_target.append(x_position[i] + x_momentum[i])\n",
    "    y_target.append(y_position[i] + y_momentum[i])\n",
    "    z_target.append(z_position[i] + z_momentum[i])\n"
   ]
  },
  {
   "cell_type": "code",
   "execution_count": 6,
   "metadata": {},
   "outputs": [],
   "source": [
    "tree = ET.parse('base_geometry.xml')\n",
    "root = tree.getroot()\n",
    "for emitter in root.iter('emitter'):\n",
    "    print(emitter.attrib)"
   ]
  },
  {
   "cell_type": "code",
   "execution_count": 7,
   "metadata": {},
   "outputs": [
    {
     "name": "stdout",
     "output_type": "stream",
     "text": [
      "0.0 2000.0 355.0\n",
      "0.0 1000.0 600.0\n"
     ]
    }
   ],
   "source": [
    "# parse the xml file to get information from the 1st mirror\n",
    "tree = ET.parse('base_geometry.xml')\n",
    "root = tree.getroot()\n",
    "for shape in root.iter('shape'):\n",
    "    if shape.get('id') == 'mirror_spherical':\n",
    "        for lookat in shape.iter('lookat'):\n",
    "            # get mirror's position\n",
    "            x_mirror = float(lookat.get('origin').split(',')[0])\n",
    "            y_mirror = float(lookat.get('origin').split(',')[1])\n",
    "            z_mirror = float(lookat.get('origin').split(',')[2])\n",
    "            # get mirror's target i.e. the vector normal to the mirror plane\n",
    "            x_target_mirror = float(lookat.get('target').split(',')[0])\n",
    "            y_target_mirror = float(lookat.get('target').split(',')[1])\n",
    "            z_target_mirror = float(lookat.get('target').split(',')[2])\n",
    "\n",
    "print(x_mirror, y_mirror, z_mirror)\n",
    "print(x_target_mirror, y_target_mirror, z_target_mirror)\n",
    "# add a check when spherical mirror is not present\n"
   ]
  },
  {
   "cell_type": "code",
   "execution_count": 8,
   "metadata": {},
   "outputs": [
    {
     "name": "stdout",
     "output_type": "stream",
     "text": [
      "[2279.2089626119096, 1963.1274116973664, 2217.2400547135717, 1973.42812766221, 2014.1452748480335, 2086.522606754465, 2045.920199647601, 2181.636625388566, 2287.320751844475, 1900.5329598328942, 2059.1328933774435, 2276.4397446252847, 2004.262622303323, 2049.6432224212945, 1853.2745229030395, 2016.896859384199, 1980.6471060886738, 2003.6237906655824, 1875.1354884595457, 1783.6490659866627, 1778.6292536080311, 1954.618596179496, 1756.919623458563, 1857.8712930498841, 1749.1636553274952, 1577.5965035036568, 1211.045382452787, 1727.5572834386514, 1461.7002031309567, 1709.0858663779234, 1348.3192237222954, 1327.5578679211444, 1583.9309022370728, 1421.3558090566294, 1640.2614763209476, 1283.9396253161456, 1272.781464214127, 1516.7966147552022, 1647.581344572413, 1574.5566614310187, 1679.4383465775475, 1465.95413187704, 1231.6732176603832, 1734.8627761345572, 1371.5877473126254, 1455.4773475641655, 1621.8025083882396, 1366.5217507383973, 1782.87762608073, 1612.182579543508, 1321.817129924338, 1652.236310671743, 1556.589959082512, 1517.1982050641777, 1313.4958826183201, 1324.931963091634, 1406.860501367914, 1716.615799880161, 1259.472486754451, 1494.0274598998683, 1543.9965656985726, 1841.2246468705343, 1289.5916137941058, 1291.243296171947, 1378.3486912868714, 1290.9449984028781, 1837.8647622755436, 1281.5649592821833, 1511.4965308467238, 1182.9230387545558, 1676.6811382784629, 1731.6528364521598, 1255.8272931491426, 1318.9397198417153, 1178.826009599456, 1264.5972039324024, 1252.046098603248, 1231.0556808323913, 1131.5288606261704, 1323.1917436272374, 1286.6105452129568, 1251.920492838597, 1149.146551038845, 1164.1382955554843, 1178.7738413011414, 1040.4650631120285, 1151.1699478509272, 939.2859662391247, 950.2558887257225, 924.7742668830991, 1083.3431275923156, 894.4576396121087, 855.1767444161841, 898.7947631905041, 993.8520916081145]\n"
     ]
    }
   ],
   "source": [
    "# calculate the intersection between of line and a plane\n",
    "def isect_line_plane_v3(point_1, point_2, plane_coord, plane_normal, epsilon=1e-6):\n",
    "    \"\"\"\n",
    "    point_1, point_2: Define the line.\n",
    "    plane_coord, plane_normal: define the plane:\n",
    "        plane_coord Is a point on the plane (plane coordinate).\n",
    "        plane_normal Is a normal vector defining the plane direction;\n",
    "\n",
    "    Return a Vector or None (when the intersection can't be found).\n",
    "    \"\"\"\n",
    "    u = np.array(point_2) - np.array(point_1)\n",
    "    dot = np.dot(np.array(plane_normal), np.array(u))\n",
    "\n",
    "    if abs(dot) > epsilon:\n",
    "        # The factor of the point between p0 -> p1 (0 - 1)\n",
    "        # if 'fac' is between (0 - 1) the point intersects with the segment.\n",
    "        # Otherwise:\n",
    "        #  < 0.0: behind p0.\n",
    "        #  > 1.0: infront of p1.\n",
    "        w = np.array(point_1) - np.array(plane_coord)\n",
    "        \n",
    "        factor = - np.dot(np.array(plane_normal), np.array(w)) / dot\n",
    "        u = factor * u\n",
    "        return point_1 + u\n",
    "\n",
    "    # The segment is parallel to plane.\n",
    "    return None\n",
    "\n",
    "intersection = []\n",
    "distance = []\n",
    "mirror_coord = [x_mirror, y_mirror, z_mirror]\n",
    "mirror_normal = [x_target_mirror, y_target_mirror, z_target_mirror]\n",
    "for i in range(len(x_position)):\n",
    "    point_1 = [x_position[i], y_position[i], z_position[i]]\n",
    "    point_2 = [x_target[i], y_target[i], z_target[i]]\n",
    "    intersection.append(isect_line_plane_v3(point_1, point_2, mirror_coord, mirror_normal, epsilon=1e-6))\n",
    "    distance.append(np.sqrt((x_position[i] - intersection[i][0])**2 + (y_position[i] - intersection[i][1])**2 + (z_position[i] - intersection[i][2])**2))\n",
    "print(distance)\n"
   ]
  },
  {
   "cell_type": "code",
   "execution_count": 9,
   "metadata": {},
   "outputs": [
    {
     "name": "stdout",
     "output_type": "stream",
     "text": [
      "95\n"
     ]
    }
   ],
   "source": [
    "# # calculate the distance between the photons and the mirror\n",
    "# distance = []\n",
    "# for i in range(len(x_position)):\n",
    "#     distance.append(np.sqrt((x_position[i] - x_mirror)**2 + (y_position[i] - y_mirror)**2 + (z_position[i] - z_mirror)**2))\n",
    "# calculate the cutoff angle for each spot light\n",
    "cutoff_angle = np.array(2 * np.arctan(100/np.array(distance))) # should give a cutoff angle of around 0.2 degrees\n",
    "print(len(cutoff_angle))"
   ]
  },
  {
   "cell_type": "code",
   "execution_count": 13,
   "metadata": {},
   "outputs": [],
   "source": [
    "# function that adds a new emitter with coordinated and target\n",
    "def add_photon_emitter(x, z, y, x_target, z_target, y_target, cutoff_angle):\n",
    "\n",
    "    for i in range(len(x)):\n",
    "        name = \"photon\" + str(i)\n",
    "        scenedict[name] = {'type' : 'photon_emitter_olivia',\n",
    "                           'to_world' : mi.ScalarTransform4f.look_at(origin=[x[i], z[i], y[i]], \n",
    "                                                  target= [x_target[i],z_target[i],y_target[i]],\n",
    "                                                  up=[0, 1, 0])\n",
    "                          }\n",
    "\n",
    "def add_spot_emitter(x, z, y, x_target, z_target, y_target, cutoff_angle):\n",
    "\n",
    "    for i in range(len(x)):\n",
    "        name = \"spot\" + str(i)\n",
    "        scenedict[name] = {'type' : 'spot',\n",
    "                           'to_world' : mi.ScalarTransform4f.look_at(origin=[x[i], z[i], y[i]], \n",
    "                                                  target= [x_target[i],z_target[i],y_target[i]],\n",
    "                                                  up=[0, 1, 0]),\n",
    "                           'intensity' : {'type': 'spectrum', 'value': 2000 },#200000000},\n",
    "                           'cutoff_angle' : 1,#cutoff_angle[i],\n",
    "                          }\n",
    "\n",
    "# add photon emitters\n",
    "#add_photon_emitter(x_position, z_position, y_position, x_target, z_target, y_target, cutoff_angle)\n",
    "add_spot_emitter(x_position, z_position, y_position, x_target, z_target, y_target, cutoff_angle)"
   ]
  },
  {
   "cell_type": "code",
   "execution_count": 16,
   "metadata": {},
   "outputs": [
    {
     "data": {
      "text/plain": [
       "{'type': 'scene',\n",
       " 'integrator': {'type': 'ptracer', 'max_depth': 65, 'hide_emitters': False},\n",
       " 'sensor': {'type': 'perspective',\n",
       "  'fov': 100,\n",
       "  'to_world': [[-1, 0, 0, 0],\n",
       "   [0, -0.63408, 0.773268, 1100],\n",
       "   [0, 0.773268, 0.63408, 792],\n",
       "   [0, 0, 0, 1]],\n",
       "  'sampler': {'type': 'independent', 'sample_count': 32},\n",
       "  'film': {'type': 'hdrfilm',\n",
       "   'width': 1024,\n",
       "   'height': 1024,\n",
       "   'file_format': 'openexr',\n",
       "   'pixel_format': 'rgb',\n",
       "   'component_format': 'uint32',\n",
       "   'rfilter': {'type': 'tent'}}},\n",
       " 'MirrorBSDF': {'type': 'twosided', 'material': {'type': 'conductor'}},\n",
       " 'test': {'type': 'twosided',\n",
       "  'material': {'type': 'diffuse',\n",
       "   'reflectance': {'type': 'rgb', 'value': [0.5, 0.5, 1]}}},\n",
       " 'mirror_spherical': {'type': 'cube',\n",
       "  'to_world': [[1500, 0, 0, 0],\n",
       "   [0, 154.675, -631.328, 1.3e+06],\n",
       "   [0, 32.0521, 7.85275, 11715],\n",
       "   [0, 0, 0, 1]],\n",
       "  'bsdf': {'type': 'ref', 'id': 'MirrorBSDF'}},\n",
       " 'mirror_flat': {'type': 'cube',\n",
       "  'to_world': [[-740, 0, 0, 0],\n",
       "   [0, -82.1307, 432.267, 440000],\n",
       "   [0, 0.0982425, 0.0186661, 71],\n",
       "   [0, 0, 0, 1]],\n",
       "  'bsdf': {'type': 'ref', 'id': 'MirrorBSDF'}},\n",
       " 'detector': {'type': 'rectangle',\n",
       "  'to_world': [[1000, 0, 0, 0],\n",
       "   [0, -317.04, -386.634, 750000],\n",
       "   [0, 0.386634, -0.31704, 560],\n",
       "   [0, 0, 0, 1]],\n",
       "  'bsdf': {'type': 'ref', 'id': 'test'}},\n",
       " 'backwall': {'type': 'rectangle',\n",
       "  'to_world': [[0, 0, 3000, -3e+06],\n",
       "   [0, 3000, 0, 4.5e+06],\n",
       "   [-1, 0, 0, 500],\n",
       "   [0, 0, 0, 1]],\n",
       "  'bsdf': {'type': 'diffuse',\n",
       "   'reflectance': {'type': 'rgb', 'value': [0.4, 1, 0.2]}}},\n",
       " 'ceiling': {'type': 'rectangle',\n",
       "  'to_world': [[-3000, 0, 0, 0],\n",
       "   [0, 3000, 0, 4.5e+06],\n",
       "   [0, 0, -1, 3000],\n",
       "   [0, 0, 0, 1]],\n",
       "  'bsdf': {'type': 'diffuse',\n",
       "   'reflectance': {'type': 'rgb', 'value': [0.8, 0.3, 0.45]}}},\n",
       " 'leftwall': {'type': 'rectangle',\n",
       "  'to_world': [[-3000, 0, 0, 0],\n",
       "   [0, 0, 3000, 0],\n",
       "   [0, 3000, 0, 1.5e+06],\n",
       "   [0, 0, 0, 1]],\n",
       "  'bsdf': {'type': 'diffuse',\n",
       "   'reflectance': {'type': 'rgb', 'value': [0.32, 0.46, 0.23]}}},\n",
       " 'rightwall': {'type': 'rectangle',\n",
       "  'to_world': [[3000, 0, 0, 0],\n",
       "   [0, 0, -3000, 9e+06],\n",
       "   [0, 3000, 0, 1.5e+06],\n",
       "   [0, 0, 0, 1]],\n",
       "  'bsdf': {'type': 'diffuse',\n",
       "   'reflectance': {'type': 'rgb', 'value': [0.92, 0.58, 1]}}},\n",
       " 'floor': {'type': 'rectangle',\n",
       "  'to_world': [[3000, 0, 0, 0],\n",
       "   [0, 3000, 0, 4.5e+06],\n",
       "   [0, 0, 3000, -3e+06],\n",
       "   [0, 0, 0, 1]],\n",
       "  'bsdf': {'type': 'diffuse',\n",
       "   'reflectance': {'type': 'rgb', 'value': [0.56, 0.23, 0.54]}}},\n",
       " 'spot0': {'type': 'spot',\n",
       "  'to_world': [[0.875377, -0.482196, 0.0346827, -0.0779061],\n",
       "   [0, 0.0717412, 0.997423, 1008.46],\n",
       "   [-0.483441, -0.873121, 0.0628006, 100.792],\n",
       "   [0, 0, 0, 1]],\n",
       "  'intensity': {'type': 'spectrum', 'value': 2000},\n",
       "  'cutoff_angle': 1},\n",
       " 'spot1': {'type': 'spot',\n",
       "  'to_world': [[0.990867, 0.133352, -0.0199829, -0.113022],\n",
       "   [-0, 0.148196, 0.988958, 1085.58],\n",
       "   [0.134841, -0.979926, 0.146842, 108.496],\n",
       "   [0, 0, 0, 1]],\n",
       "  'intensity': {'type': 'spectrum', 'value': 2000},\n",
       "  'cutoff_angle': 1},\n",
       " 'spot2': {'type': 'spot',\n",
       "  'to_world': [[0.861929, 0.505503, -0.0393071, -0.0991319],\n",
       "   [-0, 0.0775243, 0.99699, 1055.08],\n",
       "   [0.507028, -0.859335, 0.0668205, 105.449],\n",
       "   [0, 0, 0, 1]],\n",
       "  'intensity': {'type': 'spectrum', 'value': 2000},\n",
       "  'cutoff_angle': 1},\n",
       " 'spot3': {'type': 'spot',\n",
       "  'to_world': [[0.995588, 0.0927803, -0.0139878, -0.106138],\n",
       "   [-0, 0.149078, 0.988825, 1070.46],\n",
       "   [0.0938288, -0.984463, 0.14842, 106.986],\n",
       "   [0, 0, 0, 1]],\n",
       "  'intensity': {'type': 'spectrum', 'value': 2000},\n",
       "  'cutoff_angle': 1},\n",
       " 'spot4': {'type': 'spot',\n",
       "  'to_world': [[0.985596, -0.167316, 0.0246027, -0.0926797],\n",
       "   [0, 0.14548, 0.989361, 1040.91],\n",
       "   [-0.169115, -0.975111, 0.143384, 104.033],\n",
       "   [0, 0, 0, 1]],\n",
       "  'intensity': {'type': 'spectrum', 'value': 2000},\n",
       "  'cutoff_angle': 1},\n",
       " 'spot5': {'type': 'spot',\n",
       "  'to_world': [[0.875061, -0.482902, 0.0327604, -0.165425],\n",
       "   [0, 0.067685, 0.997707, 1200.65],\n",
       "   [-0.484012, -0.873055, 0.0592285, 119.992],\n",
       "   [0, 0, 0, 1]],\n",
       "  'intensity': {'type': 'spectrum', 'value': 2000},\n",
       "  'cutoff_angle': 1},\n",
       " 'spot6': {'type': 'spot',\n",
       "  'to_world': [[0.855037, 0.516475, -0.0465346, -0.160895],\n",
       "   [-0, 0.0897369, 0.995965, 1190.71],\n",
       "   [0.518567, -0.851587, 0.0767283, 118.999],\n",
       "   [0, 0, 0, 1]],\n",
       "  'intensity': {'type': 'spectrum', 'value': 2000},\n",
       "  'cutoff_angle': 1},\n",
       " 'spot7': {'type': 'spot',\n",
       "  'to_world': [[0.863633, 0.501774, -0.0485996, -0.0926112],\n",
       "   [-0, 0.0964044, 0.995342, 1040.76],\n",
       "   [0.504122, -0.85961, 0.083258, 104.018],\n",
       "   [0, 0, 0, 1]],\n",
       "  'intensity': {'type': 'spectrum', 'value': 2000},\n",
       "  'cutoff_angle': 1},\n",
       " 'spot8': {'type': 'spot',\n",
       "  'to_world': [[0.9701, 0.242387, -0.0124459, -0.0927042],\n",
       "   [-0, 0.0512798, 0.998684, 1040.96],\n",
       "   [0.242706, -0.968824, 0.0497466, 104.039],\n",
       "   [0, 0, 0, 1]],\n",
       "  'intensity': {'type': 'spectrum', 'value': 2000},\n",
       "  'cutoff_angle': 1},\n",
       " 'spot9': {'type': 'spot',\n",
       "  'to_world': [[0.991033, 0.132149, -0.0197664, -0.143441],\n",
       "   [-0, 0.147931, 0.988998, 1152.38],\n",
       "   [0.133619, -0.980129, 0.146604, 115.169],\n",
       "   [0, 0, 0, 1]],\n",
       "  'intensity': {'type': 'spectrum', 'value': 2000},\n",
       "  'cutoff_angle': 1},\n",
       " 'spot10': {'type': 'spot',\n",
       "  'to_world': [[0.854054, 0.518323, -0.0439718, -0.160807],\n",
       "   [-0, 0.0845311, 0.996421, 1190.52],\n",
       "   [0.520185, -0.850997, 0.0721941, 118.979],\n",
       "   [0, 0, 0, 1]],\n",
       "  'intensity': {'type': 'spectrum', 'value': 2000},\n",
       "  'cutoff_angle': 1},\n",
       " 'spot11': {'type': 'spot',\n",
       "  'to_world': [[0.908278, -0.417585, 0.0255615, -0.0892854],\n",
       "   [0, 0.0610982, 0.998132, 1033.45],\n",
       "   [-0.418367, -0.906581, 0.0554942, 103.289],\n",
       "   [0, 0, 0, 1]],\n",
       "  'intensity': {'type': 'spectrum', 'value': 2000},\n",
       "  'cutoff_angle': 1},\n",
       " 'spot12': {'type': 'spot',\n",
       "  'to_world': [[0.917266, -0.395293, 0.0486379, -0.135851],\n",
       "   [0, 0.122122, 0.992515, 1135.71],\n",
       "   [-0.398274, -0.910401, 0.112018, 113.504],\n",
       "   [0, 0, 0, 1]],\n",
       "  'intensity': {'type': 'spectrum', 'value': 2000},\n",
       "  'cutoff_angle': 1},\n",
       " 'spot13': {'type': 'spot',\n",
       "  'to_world': [[0.913936, -0.402842, 0.049395, -0.115968],\n",
       "   [0, 0.121705, 0.992566, 1092.05],\n",
       "   [-0.405859, -0.907142, 0.11123, 109.142],\n",
       "   [0, 0, 0, 1]],\n",
       "  'intensity': {'type': 'spectrum', 'value': 2000},\n",
       "  'cutoff_angle': 1},\n",
       " 'spot14': {'type': 'spot',\n",
       "  'to_world': [[0.92348, -0.380627, 0.0480472, -0.203018],\n",
       "   [0, 0.125238, 0.992127, 1279.35],\n",
       "   [-0.383647, -0.916209, 0.115655, 127.838],\n",
       "   [0, 0, 0, 1]],\n",
       "  'intensity': {'type': 'spectrum', 'value': 2000},\n",
       "  'cutoff_angle': 1},\n",
       " 'spot15': {'type': 'spot',\n",
       "  'to_world': [[0.862186, -0.504971, 0.0404874, -0.183927],\n",
       "   [0, 0.0799212, 0.996801, 1239.77],\n",
       "   [-0.506591, -0.859428, 0.068907, 123.893],\n",
       "   [0, 0, 0, 1]],\n",
       "  'intensity': {'type': 'spectrum', 'value': 2000},\n",
       "  'cutoff_angle': 1},\n",
       " 'spot16': {'type': 'spot',\n",
       "  'to_world': [[0.852323, 0.521187, -0.0437099, -0.197672],\n",
       "   [-0, 0.0835728, 0.996502, 1268.27],\n",
       "   [0.523016, -0.849341, 0.071231, 126.733],\n",
       "   [0, 0, 0, 1]],\n",
       "  'intensity': {'type': 'spectrum', 'value': 2000},\n",
       "  'cutoff_angle': 1},\n",
       " 'spot17': {'type': 'spot',\n",
       "  'to_world': [[0.896312, 0.442542, -0.0279599, -0.206138],\n",
       "   [-0, 0.0630545, 0.99801, 1285.82],\n",
       "   [0.443424, -0.894528, 0.0565165, 128.482],\n",
       "   [0, 0, 0, 1]],\n",
       "  'intensity': {'type': 'spectrum', 'value': 2000},\n",
       "  'cutoff_angle': 1},\n",
       " 'spot18': {'type': 'spot',\n",
       "  'to_world': [[0.866293, -0.497144, 0.0488318, -0.237219],\n",
       "   [0, 0.0977543, 0.995211, 1335.2],\n",
       "   [-0.499536, -0.862144, 0.0846838, 133.392],\n",
       "   [0, 0, 0, 1]],\n",
       "  'intensity': {'type': 'spectrum', 'value': 2000},\n",
       "  'cutoff_angle': 1},\n",
       " 'spot19': {'type': 'spot',\n",
       "  'to_world': [[0.962737, -0.26786, 0.0372516, -0.220717],\n",
       "   [0, 0.137745, 0.990468, 1309.44],\n",
       "   [-0.270438, -0.95356, 0.132613, 130.831],\n",
       "   [0, 0, 0, 1]],\n",
       "  'intensity': {'type': 'spectrum', 'value': 2000},\n",
       "  'cutoff_angle': 1},\n",
       " 'spot20': {'type': 'spot',\n",
       "  'to_world': [[0.984475, -0.173663, 0.0254918, -0.208204],\n",
       "   [0, 0.145232, 0.989398, 1289.9],\n",
       "   [-0.175524, -0.974037, 0.142977, 128.889],\n",
       "   [0, 0, 0, 1]],\n",
       "  'intensity': {'type': 'spectrum', 'value': 2000},\n",
       "  'cutoff_angle': 1},\n",
       " 'spot21': {'type': 'spot',\n",
       "  'to_world': [[0.897965, -0.4392, 0.0276154, -0.235298],\n",
       "   [0, 0.0627527, 0.998029, 1332.2],\n",
       "   [-0.440067, -0.896195, 0.0563497, 133.094],\n",
       "   [0, 0, 0, 1]],\n",
       "  'intensity': {'type': 'spectrum', 'value': 2000},\n",
       "  'cutoff_angle': 1},\n",
       " 'spot22': {'type': 'spot',\n",
       "  'to_world': [[0.98639, -0.162678, 0.0238686, -0.222503],\n",
       "   [0, 0.145168, 0.989407, 1312.23],\n",
       "   [-0.16442, -0.975942, 0.143192, 131.108],\n",
       "   [0, 0, 0, 1]],\n",
       "  'intensity': {'type': 'spectrum', 'value': 2000},\n",
       "  'cutoff_angle': 1},\n",
       " 'spot23': {'type': 'spot',\n",
       "  'to_world': [[0.88623, -0.460441, 0.0508992, -0.227687],\n",
       "   [0, 0.109875, 0.993945, 1320.32],\n",
       "   [-0.463246, -0.880864, 0.0973744, 131.913],\n",
       "   [0, 0, 0, 1]],\n",
       "  'intensity': {'type': 'spectrum', 'value': 2000},\n",
       "  'cutoff_angle': 1},\n",
       " 'spot24': {'type': 'spot',\n",
       "  'to_world': [[0.990215, -0.138042, 0.0204533, -0.224819],\n",
       "   [0, 0.146567, 0.989201, 1315.84],\n",
       "   [-0.139549, -0.979522, 0.145133, 131.467],\n",
       "   [0, 0, 0, 1]],\n",
       "  'intensity': {'type': 'spectrum', 'value': 2000},\n",
       "  'cutoff_angle': 1},\n",
       " 'spot25': {'type': 'spot',\n",
       "  'to_world': [[0.927265, 0.371339, -0.0478342, -0.416973],\n",
       "   [-0, 0.12776, 0.991805, 1553.58],\n",
       "   [0.374407, -0.919666, 0.118467, 155.155],\n",
       "   [0, 0, 0, 1]],\n",
       "  'intensity': {'type': 'spectrum', 'value': 2000},\n",
       "  'cutoff_angle': 1},\n",
       " 'spot26': {'type': 'spot',\n",
       "  'to_world': [[0.993908, -0.108994, 0.0163373, -0.704126],\n",
       "   [0, 0.148236, 0.988952, 1880.4],\n",
       "   [-0.110212, -0.982928, 0.147333, 187.749],\n",
       "   [0, 0, 0, 1]],\n",
       "  'intensity': {'type': 'spectrum', 'value': 2000},\n",
       "  'cutoff_angle': 1},\n",
       " 'spot27': {'type': 'spot',\n",
       "  'to_world': [[0.857001, 0.51284, -0.0504396, -0.353232],\n",
       "   [-0, 0.0978813, 0.995198, 1481.03],\n",
       "   [0.515314, -0.852886, 0.0838844, 147.92],\n",
       "   [0, 0, 0, 1]],\n",
       "  'intensity': {'type': 'spectrum', 'value': 2000},\n",
       "  'cutoff_angle': 1},\n",
       " 'spot28': {'type': 'spot',\n",
       "  'to_world': [[0.906833, -0.418511, 0.050036, -0.539437],\n",
       "   [0, 0.118712, 0.992929, 1692.96],\n",
       "   [-0.421491, -0.90042, 0.107652, 169.056],\n",
       "   [0, 0, 0, 1]],\n",
       "  'intensity': {'type': 'spectrum', 'value': 2000},\n",
       "  'cutoff_angle': 1},\n",
       " 'spot29': {'type': 'spot',\n",
       "  'to_world': [[0.884112, -0.464595, 0.0499767, -0.347304],\n",
       "   [0, 0.106953, 0.994264, 1474.29],\n",
       "   [-0.467275, -0.879041, 0.0945588, 147.247],\n",
       "   [0, 0, 0, 1]],\n",
       "  'intensity': {'type': 'spectrum', 'value': 2000},\n",
       "  'cutoff_angle': 1},\n",
       " 'spot30': {'type': 'spot',\n",
       "  'to_world': [[0.856431, 0.51404, -0.0478469, -0.684647],\n",
       "   [-0, 0.0926796, 0.995696, 1858.23],\n",
       "   [0.516262, -0.852745, 0.0793737, 185.538],\n",
       "   [0, 0, 0, 1]],\n",
       "  'intensity': {'type': 'spectrum', 'value': 2000},\n",
       "  'cutoff_angle': 1},\n",
       " 'spot31': {'type': 'spot',\n",
       "  'to_world': [[0.857303, 0.513332, -0.0390223, -0.724833],\n",
       "   [-0, 0.075799, 0.997123, 1903.97],\n",
       "   [0.514813, -0.854836, 0.0649827, 190.1],\n",
       "   [0, 0, 0, 1]],\n",
       "  'intensity': {'type': 'spectrum', 'value': 2000},\n",
       "  'cutoff_angle': 1},\n",
       " 'spot32': {'type': 'spot',\n",
       "  'to_world': [[0.904723, -0.423114, 0.0495145, -0.436086],\n",
       "   [0, 0.116231, 0.993222, 1575.33],\n",
       "   [-0.426001, -0.898591, 0.105157, 157.325],\n",
       "   [0, 0, 0, 1]],\n",
       "  'intensity': {'type': 'spectrum', 'value': 2000},\n",
       "  'cutoff_angle': 1},\n",
       " 'spot33': {'type': 'spot',\n",
       "  'to_world': [[0.998938, -0.0455555, 0.00688774, -0.505117],\n",
       "   [0, 0.149495, 0.988762, 1653.9],\n",
       "   [-0.0460733, -0.987712, 0.149337, 165.16],\n",
       "   [0, 0, 0, 1]],\n",
       "  'intensity': {'type': 'spectrum', 'value': 2000},\n",
       "  'cutoff_angle': 1},\n",
       " 'spot34': {'type': 'spot',\n",
       "  'to_world': [[0.998193, -0.0600193, 0.0029285, -0.495963],\n",
       "   [0, 0.0487347, 0.998812, 1643.48],\n",
       "   [-0.0600907, -0.997007, 0.0486466, 164.121],\n",
       "   [0, 0, 0, 1]],\n",
       "  'intensity': {'type': 'spectrum', 'value': 2000},\n",
       "  'cutoff_angle': 1},\n",
       " 'spot35': {'type': 'spot',\n",
       "  'to_world': [[0.915656, -0.399014, 0.0486033, -0.691754],\n",
       "   [0, 0.120915, 0.992663, 1866.32],\n",
       "   [-0.401963, -0.908938, 0.110716, 186.345],\n",
       "   [0, 0, 0, 1]],\n",
       "  'intensity': {'type': 'spectrum', 'value': 2000},\n",
       "  'cutoff_angle': 1},\n",
       " 'spot36': {'type': 'spot',\n",
       "  'to_world': [[0.909607, 0.412353, -0.0507906, -0.701048],\n",
       "   [-0, 0.122249, 0.9925, 1876.9],\n",
       "   [0.415469, -0.902785, 0.111198, 187.4],\n",
       "   [0, 0, 0, 1]],\n",
       "  'intensity': {'type': 'spectrum', 'value': 2000},\n",
       "  'cutoff_angle': 1},\n",
       " 'spot37': {'type': 'spot',\n",
       "  'to_world': [[0.986291, 0.164816, -0.00816949, -0.596118],\n",
       "   [-0, 0.0495066, 0.998774, 1757.47],\n",
       "   [0.165018, -0.985081, 0.0488279, 175.489],\n",
       "   [0, 0, 0, 1]],\n",
       "  'intensity': {'type': 'spectrum', 'value': 2000},\n",
       "  'cutoff_angle': 1},\n",
       " 'spot38': {'type': 'spot',\n",
       "  'to_world': [[0.99469, 0.101762, -0.0153458, -0.296212],\n",
       "   [-0, 0.149115, 0.98882, 1416.14],\n",
       "   [0.102913, -0.98357, 0.148323, 141.448],\n",
       "   [0, 0, 0, 1]],\n",
       "  'intensity': {'type': 'spectrum', 'value': 2000},\n",
       "  'cutoff_angle': 1},\n",
       " 'spot39': {'type': 'spot',\n",
       "  'to_world': [[0.878537, -0.476535, 0.0329762, -0.527115],\n",
       "   [0, 0.0690348, 0.997614, 1678.94],\n",
       "   [-0.477675, -0.876441, 0.0606497, 167.657],\n",
       "   [0, 0, 0, 1]],\n",
       "  'intensity': {'type': 'spectrum', 'value': 2000},\n",
       "  'cutoff_angle': 1},\n",
       " 'spot40': {'type': 'spot',\n",
       "  'to_world': [[0.884284, -0.464239, 0.050251, -0.37184],\n",
       "   [0, 0.107615, 0.994193, 1502.21],\n",
       "   [-0.46695, -0.879148, 0.0951624, 150.032],\n",
       "   [0, 0, 0, 1]],\n",
       "  'intensity': {'type': 'spectrum', 'value': 2000},\n",
       "  'cutoff_angle': 1},\n",
       " 'spot41': {'type': 'spot',\n",
       "  'to_world': [[0.925034, 0.376748, -0.0487229, -0.516771],\n",
       "   [-0, 0.128257, 0.991741, 1667.16],\n",
       "   [0.379885, -0.917394, 0.118642, 166.483],\n",
       "   [0, 0, 0, 1]],\n",
       "  'intensity': {'type': 'spectrum', 'value': 2000},\n",
       "  'cutoff_angle': 1},\n",
       " 'spot42': {'type': 'spot',\n",
       "  'to_world': [[0.945389, 0.323016, -0.0435986, -0.715296],\n",
       "   [-0, 0.13376, 0.991014, 1893.12],\n",
       "   [0.325945, -0.936893, 0.126456, 189.017],\n",
       "   [0, 0, 0, 1]],\n",
       "  'intensity': {'type': 'spectrum', 'value': 2000},\n",
       "  'cutoff_angle': 1},\n",
       " 'spot43': {'type': 'spot',\n",
       "  'to_world': [[0.854054, 0.518764, -0.0384002, -0.389653],\n",
       "   [-0, 0.0738204, 0.997272, 1522.49],\n",
       "   [0.520184, -0.851724, 0.0630466, 152.054],\n",
       "   [0, 0, 0, 1]],\n",
       "  'intensity': {'type': 'spectrum', 'value': 2000},\n",
       "  'cutoff_angle': 1},\n",
       " 'spot44': {'type': 'spot',\n",
       "  'to_world': [[0.999725, -0.0231727, 0.00350985, -0.550945],\n",
       "   [0, 0.149757, 0.988723, 1706.06],\n",
       "   [-0.023437, -0.988451, 0.149715, 170.362],\n",
       "   [0, 0, 0, 1]],\n",
       "  'intensity': {'type': 'spectrum', 'value': 2000},\n",
       "  'cutoff_angle': 1},\n",
       " 'spot45': {'type': 'spot',\n",
       "  'to_world': [[0.990749, 0.134216, -0.020052, -0.478397],\n",
       "   [-0, 0.147761, 0.989023, 1623.49],\n",
       "   [0.135705, -0.979874, 0.146394, 162.127],\n",
       "   [0, 0, 0, 1]],\n",
       "  'intensity': {'type': 'spectrum', 'value': 2000},\n",
       "  'cutoff_angle': 1},\n",
       " 'spot46': {'type': 'spot',\n",
       "  'to_world': [[0.97812, -0.205891, 0.0298201, -0.335698],\n",
       "   [0, 0.143339, 0.989674, 1461.08],\n",
       "   [-0.208039, -0.96802, 0.140203, 145.93],\n",
       "   [0, 0, 0, 1]],\n",
       "  'intensity': {'type': 'spectrum', 'value': 2000},\n",
       "  'cutoff_angle': 1},\n",
       " 'spot47': {'type': 'spot',\n",
       "  'to_world': [[0.923677, 0.380021, -0.0490289, -0.606579],\n",
